25
24
22
21
18
17
16
15
15
14
13
12
10
10
9
8
7
6
5
4
22
23
30
29
28
27
27
26
25
23
22
22
21
20
19
18
18
15
14
13
13
12
11
9
8
7
6
11
14
16
16
19
23
22
21
20
19
18
18
17
16
15
14
14
14
12
10
10
9
8
7
7
8
8
9
9
9
10
10
8
7
8
7
6
7
6
6
7
8
7
7
7
5
4
5
5
5
6
6
6
6
5
6
5
5
4
6
5
6
5
4
5
5
5
6
6
6
5
4
3
2
3
7
4
2
3
3
3
3
24
29
28
28
27
26
25
27
26
24
23
22
22
21
19
18
18
18
18
17
19
18
18
16
15
15
19
19
21
20
21
23
32
32
34
34
33
35
37
36
36
34
40
39
37
37
37
37
37
36
35
34
33
32
31
30
29
27
29
28
28
27
27
26
27
26
25
27
27
28
28
26
25
24
25
25
25
27
32
29
32
31
32
34
34
33
32
31
32
31
32
37
36
36
35
36
35
35
35
34
32
32
31
29
28
29
27
29
30
32
32
27
27
26
27
24
25
25
21
21
20
20
18
19
15
12
12
11
9
8
7
6
5
4
2
1
1
0
1
0
2
2
2
2
2
2
2
2
2
2
2
2
0
0
2
1
1
8
6
1
0
1
0
1
1
0
1
1
1
1
0
0
0
0
0
0
1
1
0
0
0
0
0
0
0
1
0
1
0
4
7
7
7
7
7
6
6
5
3
6
6
4
4
3
2
1
1
1
1
0
1
1
0
0
0
0
1
1
0
0
0
0
0
0
0
1
0
0
0
1
1
0
0
1
1
1
0
1
0
0
0
0
0
0
0
1
1
1
0
1
0
1
2
1
1
1
0
0
1
1
1
2
2
1
1
1
0
0
0
1
0
1
2
2
0
0
0
5
4
3
3
1
2
0
0
0
0
0
1
0
0
0
1
1
2
1
1
1
0
0
0
0
0
1
1
0
1
1
0
0
0
1
1
1
1
0
0
1
1
1
0
0
0
0
0
0
0
1
0
0
0
0
0
0
0
0
0
0
1
1
0
0
0
0
0
0
1
0
1
1
1
0
0
2
1
1
0
2
1
2
0
1
0
0
0
0
0
0
1
1
0
0
0
0
0
0
0
0
1
1
0
0
0
0
0
0
0
0
0
1
0
0
0
0
0
0
0
0
0
1
0
0
0
0
0
0
0
1
13
12
6
7
7
7
7
7
5
5
4
3
3
2
2
1
1
0
1
0
1
1
2
1
0
0
0
0
0
0
1
0
1
1
0
0
0
0
0
0
1
0
0
0
0
1
1
1
2
0
0
1
0
0
0
0
0
0
1
1
0
0
0
0
0
0
1
0
1
0
0
0
0
0
0
0
0
0
0
1
0
0
0
0
2
1
2
0
0
0
0
1
1
1
0
0
0
0
0
0
1
1
1
1
0
0
0
0
0
0
0
0
0
1
0
0
0
0
0
0
0
0
0
1
0
0
0
0
0
0
0
1
1
1
0
0
0
0
0
0
1
1
1
0
0
0
0
1
0
0
1
0
